-0.002716 0.051835 0.405000
-0.005406 0.051740 0.404250
-0.005405 0.051063 0.404250
0.013594 0.071565 0.743750
0.012356 0.071564 0.743750
0.006977 0.040413 0.420000
0.006977 0.039712 0.420000
0.006977 0.040413 0.420000
0.006977 0.039712 0.420000
0.006977 0.039712 0.420000
0.009893 0.033822 0.425250
0.009887 0.033093 0.425000
0.009893 0.033822 0.425250
0.009893 0.033822 0.425250
0.009893 0.033822 0.425250
0.009893 0.033822 0.425250
0.012184 0.028547 0.431250
0.011473 0.029283 0.431500
0.010755 0.029283 0.431500
0.010755 0.029283 0.431500
0.010755 0.029283 0.431500
0.010755 0.029283 0.431500
0.010815 0.024389 0.434000
0.010094 0.026558 0.434000
0.010093 0.025835 0.434000
0.010093 0.025835 0.434000
0.010093 0.025835 0.434000
0.008713 0.023843 0.437250
0.007981 0.023829 0.437000
0.007986 0.024571 0.437250
0.007986 0.024571 0.437250
0.007986 0.024571 0.437250
0.007986 0.024571 0.437250
0.003623 0.026042 0.437500
0.002167 0.026042 0.437500
0.002167 0.026042 0.437500
0.002167 0.026042 0.437500
0.002167 0.026042 0.437500
-0.001479 0.026146 0.439250
-0.002211 0.026893 0.439500
-0.002211 0.026893 0.439500
-0.002211 0.026893 0.439500
-0.002208 0.026131 0.439000
-0.002211 0.026893 0.439500
-0.008079 0.023286 0.440500
-0.007350 0.024033 0.440750
-0.007350 0.024033 0.440750
-0.008083 0.024033 0.440750
-0.007350 0.024033 0.440750
-0.017064 0.017618 0.445500
-0.017074 0.018370 0.445750
-0.017064 0.017618 0.445500
-0.016332 0.018370 0.445750
-0.016323 0.017617 0.445500
-0.016332 0.018370 0.445750
-0.017994 0.014058 0.450250
-0.018755 0.015566 0.450500
-0.018755 0.015566 0.450500
-0.018755 0.016316 0.450500
-0.018015 0.016325 0.450750
-0.018755 0.016316 0.450500
-0.024004 0.013318 0.450500
-0.024741 0.014810 0.450250
-0.024741 0.014810 0.450250
-0.024727 0.014052 0.450000
-0.024741 0.014810 0.450250
-0.031612 0.011107 0.452000
-0.032402 0.013381 0.452500
-0.032402 0.013381 0.452500
-0.032383 0.012620 0.452250
-0.032383 0.012620 0.452250
-0.032383 0.012620 0.452250
-0.041341 0.011094 0.451250
-0.042895 0.011860 0.451750
-0.042895 0.011860 0.451750
-0.042895 0.011860 0.451750
-0.042895 0.011860 0.451750
-0.051978 0.011119 0.452000
-0.053639 0.012663 0.453250
-0.053728 0.013440 0.454000
-0.053728 0.013440 0.454000
-0.053728 0.013440 0.454000
-0.060198 0.012613 0.451250
-0.061747 0.014881 0.451500
-0.061746 0.014128 0.451500
-0.061747 0.014881 0.451500
-0.061747 0.014881 0.451500
-0.061747 0.014881 0.451500
-0.072104 0.010336 0.450000
-0.072104 0.010336 0.450000
-0.072104 0.010336 0.450000
-0.072104 0.010336 0.450000
-0.072104 0.010336 0.450000
-0.072104 0.010336 0.450000
-0.082560 0.009578 0.449250
-0.081805 0.011079 0.449250
-0.081852 0.011837 0.449500
-0.081852 0.011837 0.449500
-0.081852 0.011837 0.449500
-0.093357 0.011773 0.446500
-0.092866 0.014802 0.447750
-0.092866 0.014802 0.447750
-0.092761 0.014037 0.447250
-0.092761 0.014037 0.447250
-0.092866 0.014802 0.447750
-0.103644 0.008770 0.445250
-0.104173 0.012563 0.447500
-0.103298 0.011799 0.447000
-0.103414 0.012562 0.447500
-0.104173 0.012563 0.447500
-0.113658 0.009481 0.443000
-0.112907 0.011709 0.443000
-0.113739 0.014041 0.446250
-0.114434 0.014035 0.446000
-0.113740 0.014790 0.446250
-0.114434 0.014035 0.446000
-0.123341 0.007297 0.445250
-0.123207 0.011024 0.444750
-0.123209 0.012518 0.444750
-0.122450 0.012517 0.444750
-0.123211 0.013265 0.444750
-0.133240 0.005810 0.445250
-0.132481 0.009553 0.445250
-0.133321 0.011058 0.445500
-0.132558 0.011057 0.445500
-0.132558 0.011057 0.445500
-0.142172 0.006556 0.444500
-0.143826 0.010364 0.447250
-0.143827 0.011117 0.447250
-0.143827 0.011117 0.447250
-0.143826 0.010364 0.447250
-0.149993 0.005070 0.445000
-0.150933 0.008082 0.445500
-0.150934 0.008833 0.445500
-0.150934 0.008833 0.445500
-0.150934 0.008833 0.445500
-0.150933 0.008082 0.445500
-0.164942 0.002845 0.448000
-0.164166 0.004358 0.448000
-0.165268 0.006673 0.451000
-0.165268 0.006673 0.451000
-0.165268 0.006673 0.451000
-0.173679 0.001340 0.450500
-0.174259 0.005167 0.452000
-0.173474 0.005167 0.452000
-0.173571 0.005935 0.452250
-0.173667 0.006703 0.452500
-0.173571 0.005935 0.452250
-0.183974 0.000579 0.450750
-0.182809 0.003641 0.451750
-0.182809 0.003641 0.451750
-0.182123 0.004408 0.452000
-0.182122 0.003643 0.452000
-0.182224 0.005177 0.452250
-0.188010 -0.000185 0.451000
-0.187223 0.002109 0.451000
-0.187223 0.002109 0.451000
-0.187263 0.002886 0.453000
-0.187263 0.002886 0.453000
-0.196652 0.000583 0.452750
-0.195135 0.002900 0.454750
-0.197414 0.004442 0.454500
-0.196619 0.004442 0.454500
-0.197414 0.004442 0.454500
-0.207078 -0.000963 0.456500
-0.203542 0.001361 0.455750
-0.204565 0.002913 0.456250
-0.205350 0.003703 0.458000
-0.203654 0.002911 0.456000
-0.203654 0.002911 0.456000
-0.203095 -0.000959 0.454750
-0.202410 0.001359 0.455000
-0.202632 0.002134 0.455500
-0.203654 0.002137 0.456000
-0.202855 0.002911 0.456000
-0.191163 -0.004042 0.454750
-0.188115 -0.001715 0.451250
-0.188115 -0.001715 0.451250
-0.188115 -0.001715 0.451250
-0.188115 -0.001715 0.451250
-0.179961 -0.011051 0.458500
-0.177777 -0.007146 0.457000
-0.176691 -0.005590 0.456250
-0.176691 -0.005590 0.456250
-0.176690 -0.004818 0.456250
-0.176690 -0.004818 0.456250
-0.173484 -0.002511 0.458250
-0.171472 -0.000188 0.459250
-0.171658 0.000589 0.459750
-0.171752 0.001367 0.460000
-0.171752 0.001367 0.460000
-0.171752 0.002145 0.460000
-0.167224 0.008332 0.458500
-0.164143 0.011431 0.458750
-0.165824 0.012991 0.459000
-0.164507 0.014561 0.459750
-0.165484 0.015356 0.460250
-0.169800 0.012998 0.459000
-0.169134 0.016965 0.461500
-0.168957 0.019284 0.461000
-0.168960 0.020063 0.461000
-0.168960 0.020063 0.461000
-0.168072 0.020829 0.460750
-0.169208 0.020777 0.459500
-0.167530 0.022313 0.459250
-0.168976 0.024739 0.461000
-0.169437 0.025588 0.462250
-0.169437 0.025588 0.462250
-0.162162 0.027623 0.457500
-0.161829 0.031571 0.458750
-0.162815 0.034880 0.461500
-0.163520 0.034086 0.461250
-0.163613 0.034884 0.461500
-0.159883 0.029175 0.457750
-0.159897 0.032268 0.457750
-0.159205 0.034604 0.458000
-0.159209 0.035378 0.458000
-0.159205 0.034604 0.458000
-0.159205 0.034604 0.458000
-0.155758 0.022405 0.462000
-0.154967 0.023961 0.462000
-0.155763 0.023964 0.462000
-0.155851 0.024757 0.462250
-0.155851 0.024757 0.462250
-0.155851 0.024757 0.462250
-0.152082 0.013075 0.463000
-0.151369 0.014642 0.463250
-0.151369 0.014642 0.463250
-0.151286 0.013853 0.463000
-0.151286 0.013853 0.463000
-0.154079 0.002941 0.464250
-0.152236 0.006059 0.463500
-0.151441 0.009182 0.463500
-0.150725 0.009186 0.463750
-0.151441 0.009182 0.463500
-0.154163 -0.004103 0.464500
-0.153197 -0.000971 0.464000
-0.153196 -0.000189 0.464000
-0.154725 -0.013478 0.463750
-0.154168 -0.009583 0.464500
-0.155135 -0.008811 0.465000
-0.154249 -0.008022 0.464750
-0.154331 -0.007243 0.465000
-0.154331 -0.007243 0.465000
-0.148920 -0.022807 0.463000
-0.146998 -0.018861 0.462000
-0.147073 -0.017314 0.462250
-0.148904 -0.017346 0.463000
-0.147149 -0.015765 0.462500
-0.143644 -0.033587 0.461250
-0.140152 -0.028847 0.460250
-0.140108 -0.025884 0.462750
-0.140901 -0.025886 0.462750
-0.140901 -0.025886 0.462750
-0.139480 -0.045668 0.457750
-0.140260 -0.044900 0.457750
-0.141051 -0.045678 0.457750
-0.137333 -0.049862 0.461000
-0.137327 -0.049084 0.461000
-0.137397 -0.048332 0.461250
-0.137327 -0.049084 0.461000
-0.137397 -0.048332 0.461250
-0.130776 -0.055921 0.460000
-0.129256 -0.053610 0.460250
-0.128528 -0.052080 0.460500
-0.127741 -0.052075 0.460500
-0.128523 -0.051304 0.460500
-0.124139 -0.060725 0.461500
-0.121417 -0.056661 0.460250
-0.121533 -0.054392 0.460750
-0.121639 -0.050888 0.464250
-0.121382 -0.051559 0.463250
-0.120928 -0.052142 0.461500
-0.117268 -0.068227 0.465250
-0.116326 -0.065009 0.464750
-0.116320 -0.064224 0.464750
-0.116320 -0.064224 0.464750
-0.115461 -0.063400 0.464500
-0.104167 -0.075616 0.463000
-0.104148 -0.073270 0.463000
-0.102903 -0.072710 0.464500
-0.103685 -0.071932 0.464500
-0.103685 -0.071932 0.464500
-0.103685 -0.071932 0.464500
-0.093887 -0.078578 0.462500
-0.093919 -0.076276 0.462750
-0.093130 -0.075489 0.462750
-0.093136 -0.076270 0.462750
-0.093919 -0.076276 0.462750
-0.078515 -0.076411 0.459500
-0.078275 -0.074606 0.462750
-0.078308 -0.073086 0.463000
-0.077527 -0.073081 0.463000
-0.077527 -0.073081 0.463000
-0.069539 -0.072060 0.461750
-0.068717 -0.070463 0.461500
-0.068717 -0.070463 0.461500
-0.068713 -0.069687 0.461500
-0.068713 -0.069687 0.461500
-0.068709 -0.068910 0.461500
-0.060627 -0.067045 0.465000
-0.060711 -0.064024 0.465750
-0.060740 -0.063276 0.466000
-0.060740 -0.063276 0.466000
-0.060711 -0.064024 0.465750
-0.054150 -0.058214 0.463250
-0.054950 -0.056694 0.463500
-0.054201 -0.055944 0.463750
-0.055004 -0.055200 0.464000
-0.055004 -0.055200 0.464000
-0.055004 -0.055200 0.464000
-0.052755 -0.045191 0.465000
-0.052031 -0.044459 0.465500
-0.052031 -0.044459 0.465500
-0.052057 -0.043704 0.465750
-0.052083 -0.042948 0.466000
-0.045480 -0.029481 0.462500
-0.045478 -0.028709 0.462500
-0.045477 -0.027937 0.462500
-0.046299 -0.027196 0.463000
-0.046299 -0.027196 0.463000
-0.046299 -0.027196 0.463000
-0.046553 -0.018502 0.458000
-0.045191 -0.013973 0.459750
-0.045982 -0.012448 0.460000
-0.045982 -0.011682 0.460000
-0.046800 -0.010927 0.460500
-0.046674 -0.011663 0.459250
-0.047543 -0.009388 0.460250
-0.046774 -0.008621 0.460250
-0.047542 -0.008621 0.460250
-0.047542 -0.008621 0.460250
-0.047542 -0.008621 0.460250
-0.045088 -0.004770 0.458750
-0.045878 -0.001714 0.459000
-0.045878 -0.002479 0.459000
-0.045878 -0.001714 0.459000
-0.045878 -0.002479 0.459000
-0.044918 0.009714 0.457000
-0.045656 0.010470 0.456750
-0.045657 0.011993 0.456750
-0.045657 0.011231 0.456750
-0.045657 0.011231 0.456750
-0.044310 0.021208 0.458500
-0.045893 0.022764 0.459000
-0.046686 0.023543 0.459250
-0.046659 0.022765 0.459000
-0.046686 0.023543 0.459250
-0.046686 0.023543 0.459250
-0.043209 0.034689 0.454750
-0.043968 0.034691 0.454750
-0.043994 0.035470 0.455000
-0.043994 0.035470 0.455000
-0.043994 0.035470 0.455000
-0.039880 0.043462 0.451250
-0.041389 0.044220 0.451250
-0.040635 0.044218 0.451250
-0.041389 0.044220 0.451250
-0.040635 0.044218 0.451250
-0.036656 0.049941 0.448500
-0.036678 0.050720 0.448750
-0.037428 0.050721 0.448750
-0.037428 0.050721 0.448750
-0.037428 0.050721 0.448750
-0.037428 0.050721 0.448750
-0.030732 0.056780 0.449250
-0.031462 0.055998 0.449000
-0.031464 0.056750 0.449000
-0.031464 0.056750 0.449000
-0.031464 0.056750 0.449000
-0.031464 0.056750 0.449000
-0.020274 0.059116 0.450000
-0.019522 0.058362 0.450000
-0.020273 0.058363 0.450000
-0.020274 0.059116 0.450000
-0.020274 0.059116 0.450000
-0.008302 0.062361 0.451750
-0.009056 0.062362 0.451750
-0.008302 0.062361 0.451750
-0.008302 0.062361 0.451750
-0.008302 0.062361 0.451750
0.006034 0.062636 0.453750
0.004524 0.061909 0.454000
0.004522 0.063396 0.453750
0.004522 0.063396 0.453750
0.004522 0.063396 0.453750
0.004522 0.063396 0.453750
0.017659 0.061330 0.461000
0.016882 0.062067 0.460750
0.030225 0.061104 0.465000
0.029449 0.061102 0.465000
0.029449 0.061102 0.465000
0.029449 0.061102 0.465000
0.029449 0.061102 0.465000
0.042650 0.056728 0.473750
0.040852 0.057213 0.471250
0.040852 0.057213 0.471250
0.040045 0.057970 0.471000
0.040852 0.057213 0.471250
0.040022 0.057150 0.470750
0.051358 0.044883 0.474000
0.051356 0.044091 0.474000
0.050565 0.044881 0.474000
0.051358 0.044883 0.474000
0.050565 0.044881 0.474000
0.050565 0.044881 0.474000
0.058340 0.031369 0.473000
0.058341 0.032159 0.473000
0.058343 0.032949 0.473000
0.058341 0.032159 0.473000
0.058341 0.032159 0.473000
0.063435 0.018060 0.475750
0.062672 0.018863 0.476000
0.062773 0.020483 0.476750
0.062773 0.020483 0.476750
0.062774 0.021279 0.476750
0.063657 0.004586 0.477500
0.062125 0.006981 0.478000
0.062223 0.008589 0.478750
0.062223 0.008589 0.478750
0.062256 0.009392 0.479000
0.062190 0.007787 0.478500
0.065884 -0.004958 0.476250
0.063690 -0.000192 0.477750
0.063723 0.001402 0.478000
0.062091 0.002198 0.477750
0.062090 0.001401 0.477750
0.061900 0.002219 0.482500
0.069883 -0.015292 0.476250
0.069226 -0.011340 0.477250
0.070025 -0.010545 0.477250
0.070025 -0.010545 0.477250
0.070025 -0.010545 0.477250
0.074017 -0.028069 0.477000
0.072597 -0.024144 0.478250
0.070990 -0.022543 0.478250
0.070988 -0.021745 0.478250
0.070988 -0.021745 0.478250
0.070988 -0.021745 0.478250
0.076900 -0.042240 0.474750
0.076009 -0.038223 0.474250
0.076004 -0.036636 0.474250
0.076042 -0.035862 0.474500
0.075207 -0.036634 0.474250
0.083703 -0.054715 0.472250
0.082093 -0.050745 0.472250
0.080879 -0.049388 0.474500
0.080080 -0.049385 0.474500
0.080080 -0.049385 0.474500
0.094502 -0.062176 0.474250
0.090378 -0.058105 0.473750
0.090369 -0.056513 0.473750
0.089561 -0.054917 0.473750
0.089561 -0.054917 0.473750
0.088812 -0.055738 0.474000
0.108386 -0.070370 0.475000
0.107488 -0.065524 0.474750
0.105860 -0.063113 0.474750
0.105860 -0.063113 0.474750
0.105860 -0.063113 0.474750
0.120305 -0.068410 0.477500
0.119399 -0.064341 0.477250
0.119449 -0.062764 0.477500
0.118637 -0.062758 0.477500
0.119449 -0.062764 0.477500
0.119449 -0.062764 0.477500
0.135286 -0.069097 0.481500
0.134506 -0.065869 0.481750
0.134499 -0.065055 0.481750
0.133682 -0.065862 0.481750
0.133738 -0.064268 0.482000
0.146968 -0.066744 0.487500
0.146940 -0.063446 0.487500
0.145329 -0.061816 0.487750
0.145316 -0.060168 0.487750
0.144480 -0.060162 0.487750
0.144480 -0.060162 0.487750
0.173236 -0.005278 0.501250
0.172370 -0.003586 0.501250
0.148732 0.009615 0.486000
0.146234 0.011247 0.486000
0.145401 0.011246 0.486000
0.145628 0.012900 0.486750
0.144794 0.012899 0.486750
0.145628 0.012900 0.486750
0.137163 0.023082 0.477500
0.136426 0.025502 0.477750
0.136426 0.025502 0.477750
0.136426 0.025502 0.477750
0.136426 0.025502 0.477750
0.136426 0.025502 0.477750
0.131613 0.038682 0.472000
0.130013 0.041058 0.472000
0.130086 0.041874 0.472250
0.130013 0.041058 0.472000
0.130086 0.041874 0.472250
0.126501 0.059143 0.470500
0.125504 0.076907 0.472250
0.124698 0.076899 0.472250
0.124625 0.076060 0.472000
0.125504 0.076907 0.472250
0.124698 0.076899 0.472250
0.125381 0.091124 0.471250
0.126262 0.091981 0.471500
0.125381 0.091124 0.471250
0.125381 0.091124 0.471250
0.125381 0.091124 0.471250
0.186969 0.160582 0.706250
0.174605 0.182641 0.694250
0.173433 0.183814 0.694250
