0.621963 -0.0729529 0.0876443 0 0 0 0 0 0
0.624061 -0.0716121 0.0877909 0 0 0 0 0 0
0.62665 -0.0699514 0.0879092 0 0 0 0 0 0
0.631108 -0.0670962 0.088162 0 0 0 0 0 0
0.634033 -0.065226 0.0883734 0 0 0 0 0 0
0.637409 -0.0630633 0.0885516 0 0 0 0 0 0
0.641596 -0.0603797 0.0887424 0 0 0 0 0 0
0.646003 -0.0575547 0.0889359 0 0 0 0 0 0
0.652907 -0.0531213 0.0890834 0 0 0 0 0 0
0.654014 -0.0524109 0.0891142 0 0 0 0 0 0
0.655262 -0.0516086 0.0891285 0 0 0 0 0 0
0.663952 -0.046027 0.0892796 0 0 0 0 0 0
0.670246 -0.0419778 0.0892544 0 0 0 0 0 0
0.672881 -0.0402837 0.0892567 0 0 0 0 0 0
0.673852 -0.0396584 0.0892465 0 0 0 0 0 0
0.678937 -0.036382 0.0891364 0 0 0 0 0 0
0.685982 -0.0318428 0.0889976 0 0 0 0 0 0
0.687503 -0.0308638 0.0889864 0 0 0 0 0 0
0.689054 -0.0298652 0.0889727 0 0 0 0 0 0
0.697569 -0.024384 0.0889046 0 0 0 0 0 0
0.700927 -0.0222255 0.0889638 0 0 0 0 0 0
0.707982 -0.0176941 0.0891854 0 0 0 0 0 0
0.712284 -0.0149312 0.0893339 0 0 0 0 0 0
0.715409 -0.0129234 0.0894222 0 0 0 0 0 0
0.723917 -0.00746159 0.0897683 0 0 0 0 0 0
0.727153 -0.00538133 0.0897479 0 0 0 0 0 0
0.73235 -0.00204104 0.0898191 0 0 0 0 0 0
0.735035 -0.000315039 0.0898326 0 0 0 0 0 0
0.745548 0.0064441 0.089587 0 0 0 0 0 0
0.745994 0.00673086 0.0895779 0 0 0 0 0 0
0.746771 0.0072308 0.0895428 0 0 0 0 0 0
0.751281 0.0101299 0.0893739 0 0 0 0 0 0
0.756265 0.0133345 0.0891352 0 0 0 0 0 0
0.757603 0.0141947 0.089071 0 0 0 0 0 0
0.762724 0.0174877 0.0887895 0 0 0 0 0 0
0.76943 0.0217995 0.0884407 0 0 0 0 0 0
0.770562 0.0225279 0.0883743 0 0 0 0 0 0
0.778781 0.0278104 0.0880685 0 0 0 0 0 0
0.783938 0.0311267 0.0876073 0 0 0 0 0 0
0.786352 0.0326805 0.0873196 0 0 0 0 0 0
0.786352 0.0326805 0.0873196 0 0 0 0 0 0
0.784803 0.0352319 0.0873873 0 0 0 0 0 0
0.783886 0.0367352 0.0873852 0 0 0 0 0 0
0.779018 0.0447598 0.0877152 0 0 0 0 0 0
0.778531 0.0455641 0.0877569 0 0 0 0 0 0
0.775264 0.0509535 0.0880043 0 0 0 0 0 0
0.772363 0.0557377 0.0882204 0 0 0 0 0 0
0.771933 0.0564436 0.0882357 0 0 0 0 0 0
0.771246 0.0575725 0.0882598 0 0 0 0 0 0
0.767172 0.0642613 0.088384 0 0 0 0 0 0
0.763649 0.070031 0.0883888 0 0 0 0 0 0
0.761287 0.0738917 0.0883514 0 0 0 0 0 0
0.75782 0.0795644 0.08832 0 0 0 0 0 0
0.75441 0.0851463 0.0883175 0 0 0 0 0 0
0.750886 0.090912 0.0882813 0 0 0 0 0 0
0.745819 0.0991974 0.0882076 0 0 0 0 0 0
0.744541 0.101293 0.0882274 0 0 0 0 0 0
0.739254 0.109935 0.0881534 0 0 0 0 0 0
0.736675 0.114177 0.0882515 0 0 0 0 0 0
0.734567 0.117619 0.0882063 0 0 0 0 0 0
0.731313 0.122974 0.0883365 0 0 0 0 0 0
0.730115 0.124941 0.088355 0 0 0 0 0 0
0.730115 0.124941 0.088355 0 0 0 0 0 0
0.723208 0.118786 0.0893197 0 0 0 0 0 0
0.719449 0.115439 0.0897771 0 0 0 0 0 0
0.716453 0.112772 0.0901323 0 0 0 0 0 0
0.712249 0.109032 0.0905629 0 0 0 0 0 0
0.706526 0.103943 0.0910848 0 0 0 0 0 0
0.70439 0.102044 0.0912849 0 0 0 0 0 0
0.699582 0.0977741 0.0916436 0 0 0 0 0 0
0.696582 0.0951101 0.0918603 0 0 0 0 0 0
0.695975 0.0945711 0.0918962 0 0 0 0 0 0
0.685281 0.0850908 0.0924384 0 0 0 0 0 0
0.682732 0.0828318 0.0925658 0 0 0 0 0 0
0.677532 0.0782232 0.0928014 0 0 0 0 0 0
0.670751 0.0722101 0.0931674 0 0 0 0 0 0
0.665156 0.0672354 0.0936109 0 0 0 0 0 0
0.662168 0.0645842 0.0937979 0 0 0 0 0 0
0.655342 0.0585121 0.0943606 0 0 0 0 0 0
0.653591 0.0569562 0.0944907 0 0 0 0 0 0
0.653054 0.0564789 0.0945341 0 0 0 0 0 0
0.649345 0.0531763 0.0948567 0 0 0 0 0 0
0.646143 0.0503353 0.0950631 0 0 0 0 0 0
