0.613176 0.278311 0.071648
0.531001 0.217193 0.064157
0.555853 0.170679 0.066780
0.596819 0.123163 0.070141
0.659053 0.107635 0.067780
0.698726 0.152980 0.069172
0.719191 0.202536 0.069436
0.789776 0.239283 0.069242
0.747407 0.224178 0.070471
0.685457 0.286737 0.069026
0.694984 0.354970 0.063554
0.720780 0.410172 0.068557
0.680379 0.344700 0.066495
0.658661 0.306952 0.069894
0.723805 0.238290 0.070729
0.681572 0.199602 0.070467
0.623462 0.268393 0.073224
0.591908 0.242948 0.069124
0.662736 0.172393 0.072134
0.626929 0.141664 0.070987
0.565846 0.214920 0.066852

