0.667126 0.213238 0.0973663
0.674175 0.220331 0.0973663
0.681225 0.227423 0.0973663
0.688274 0.234516 0.0973663
0.695324 0.241609 0.0973663
0.702373 0.248701 0.0973663
0.709422 0.255794 0.0973663
0.716472 0.262887 0.0973663
0.723521 0.269979 0.0973663
0.730571 0.277072 0.0973663
0.733719 0.284074 0.0973663
0.726347 0.290831 0.0973663
0.718976 0.297589 0.0973663
0.711605 0.304346 0.0973663
0.704252 0.309513 0.0973663
0.697042 0.302583 0.0973663
0.689833 0.295653 0.0973663
0.682623 0.288723 0.0973663
0.675413 0.281794 0.0973663
0.668204 0.274864 0.0973663
0.660994 0.267934 0.0973663
0.653784 0.261005 0.0973663
0.646575 0.254075 0.0973663
0.639365 0.247145 0.0973663
0.632875 0.249768 0.0973663
0.626784 0.257699 0.0973663
0.620693 0.26563 0.0973663
0.614602 0.273561 0.0973663
0.619432 0.280473 0.0973663
0.626886 0.287138 0.0973663
0.63434 0.293804 0.0973663
0.641794 0.30047 0.0973663
0.649249 0.307136 0.0973663
0.656703 0.313802 0.0973663
0.664157 0.320468 0.0973663
0.671611 0.327134 0.0973663
0.673536 0.33348 0.0973663
0.665362 0.339241 0.0973663
0.657188 0.345001 0.0973663
0.649014 0.350762 0.0973663
0.640701 0.346811 0.0973663
0.632365 0.341287 0.0973663
0.624029 0.335763 0.0973663
0.615693 0.330239 0.0973663
0.607358 0.324715 0.0973663
0.599022 0.31919 0.0973663
0.593717 0.325374 0.0973663
0.589109 0.334249 0.0973663
0.584501 0.343124 0.0973663
0.584301 0.350706 0.0973663
0.592973 0.355684 0.0973663
0.601646 0.360663 0.0973663
0.610318 0.365641 0.0973663
0.611479 0.370273 0.0973663
0.602384 0.374432 0.0973663
0.59329 0.37859 0.0973663
0.584196 0.382749 0.0973663
0.575101 0.386907 0.0973663
0.567809 0.390242 0.0973663
0.667126 0.213238 0.083474
0.674175 0.220331 0.0873926
0.681225 0.227423 0.090081
0.688274 0.234516 0.0917419
0.695324 0.241609 0.0924129
0.702373 0.248701 0.0921725
0.709422 0.255794 0.0911693
0.716472 0.262887 0.0894293
0.723521 0.269979 0.086025
0.730571 0.277072 0.0808906
0.733719 0.284074 0.0763275
0.726347 0.290831 0.0760685
0.718976 0.297589 0.0755093
0.711605 0.304346 0.0747278
0.704252 0.309513 0.0742726
0.697042 0.302583 0.080214
0.689833 0.295653 0.084977
0.682623 0.288723 0.0883347
0.675413 0.281794 0.0902909
0.668204 0.274864 0.0911689
0.660994 0.267934 0.0913522
0.653784 0.261005 0.0905911
0.646575 0.254075 0.0889961
0.639365 0.247145 0.0857414
0.632875 0.249768 0.0840465
0.626784 0.257699 0.0840075
0.620693 0.26563 0.0840039
0.614602 0.273561 0.0838958
0.619432 0.280473 0.087304
0.626886 0.287138 0.0889923
0.63434 0.293804 0.0894581
0.641794 0.30047 0.0887329
0.649249 0.307136 0.0871672
0.656703 0.313802 0.0846562
0.664157 0.320468 0.0804099
0.671611 0.327134 0.0747927
0.673536 0.33348 0.0704666
0.665362 0.339241 0.0696587
0.657188 0.345001 0.0686846
0.649014 0.350762 0.0683844
0.640701 0.346811 0.0737525
0.632365 0.341287 0.0787881
0.624029 0.335763 0.0829492
0.615693 0.330239 0.0858088
0.607358 0.324715 0.087137
0.599022 0.31919 0.0870755
0.593717 0.325374 0.0864083
0.589109 0.334249 0.0864075
0.584501 0.343124 0.0859027
0.584301 0.350706 0.0847396
0.592973 0.355684 0.0828457
0.601646 0.360663 0.0794361
0.610318 0.365641 0.0744371
0.611479 0.370273 0.0709779
0.602384 0.374432 0.0712543
0.59329 0.37859 0.0720468
0.584196 0.382749 0.0741327
0.575101 0.386907 0.0759612
0.567809 0.390242 0.0773363
