0.660111 0.210562 0.0796425
0.660988 0.211637 0.0806821
0.662203 0.213123 0.0818197
0.663315 0.214482 0.0827194
0.665118 0.216683 0.0842005
0.66604 0.217808 0.0849566
0.666442 0.218298 0.0852422
0.668615 0.22093 0.0864016
0.670147 0.222785 0.0871717
0.670613 0.223349 0.0874328
0.67106 0.223889 0.0876399
0.674626 0.228204 0.0891674
0.674707 0.228303 0.0892002
0.676958 0.231025 0.0900304
0.67835 0.232708 0.0905354
0.679326 0.233886 0.0908288
0.681974 0.237072 0.0913894
0.682947 0.238243 0.0916036
0.685493 0.241306 0.092148
0.687221 0.243376 0.0922667
0.688642 0.245075 0.0923366
0.690013 0.246722 0.092509
0.692505 0.249705 0.092559
0.694613 0.252222 0.092473
0.695806 0.253644 0.0923416
0.697808 0.256033 0.0920256
0.701449 0.260378 0.0915191
0.701747 0.260734 0.0914736
0.702079 0.26113 0.091403
0.705883 0.265671 0.0905354
0.708687 0.269016 0.0897897
0.709514 0.270002 0.0895389
0.710136 0.270738 0.0892792
0.714026 0.275338 0.0874679
0.714169 0.275506 0.0873884
0.714508 0.275905 0.0871181
0.717477 0.279409 0.0850078
0.718151 0.28019 0.0843883
0.718151 0.28019 0.0843883
0.716352 0.28135 0.0844432
0.71628 0.281394 0.0844408
0.716163 0.281474 0.0844531
0.712521 0.283978 0.0848538
0.709197 0.28604 0.0848459
0.706304 0.287768 0.084722
0.701093 0.290932 0.0845952
0.700416 0.291334 0.0845638
0.698985 0.29219 0.0845052
0.69546 0.294273 0.0843163
0.694971 0.294556 0.0842791
0.689045 0.298203 0.0842655
0.688976 0.298245 0.0842647
0.688692 0.298419 0.0842627
0.682966 0.301882 0.0841292
0.681939 0.302497 0.0840945
0.675575 0.306298 0.0838656
0.675575 0.306298 0.0838656
0.67551 0.306213 0.0839185
0.675398 0.306063 0.0839937
0.67332 0.303293 0.0853711
0.672303 0.301937 0.0860456
0.669772 0.298513 0.0872444
0.668685 0.29704 0.0877514
0.667237 0.29507 0.0883028
0.664626 0.29151 0.0891487
0.661724 0.287532 0.089674
0.661241 0.286868 0.0897452
0.660981 0.286511 0.089787
0.659725 0.284785 0.089979
0.657248 0.281386 0.0903778
0.656763 0.280719 0.0904533
0.655629 0.279136 0.0904821
0.653542 0.276239 0.0906675
0.652439 0.274701 0.0906969
0.650096 0.271428 0.0906551
0.649557 0.270676 0.0906547
0.647223 0.267383 0.0902493
0.646663 0.266594 0.0901595
0.646021 0.265686 0.0900196
0.643496 0.262109 0.0894123
0.641506 0.259282 0.0888398
0.63868 0.255236 0.0877164
0.638507 0.254989 0.0876443
0.638389 0.254817 0.0875693
0.637852 0.254022 0.0871542
0.636394 0.251869 0.0860459
0.636394 0.251869 0.0860459
0.634727 0.255347 0.0864917
0.632953 0.25916 0.0868608
0.632201 0.260791 0.0870036
0.631843 0.261557 0.0870817
0.630003 0.265568 0.0874103
0.628943 0.267946 0.0875211
0.628551 0.268842 0.0875386
0.628011 0.270044 0.0876104
0.626904 0.272596 0.0876355
0.625875 0.274767 0.0879058
0.625008 0.276692 0.0879816
0.624029 0.278871 0.0880558
0.622588 0.282116 0.0880827
0.61998 0.288003 0.0881163
0.619674 0.288701 0.0881062
0.619409 0.289264 0.0881703
0.617697 0.293094 0.0881639
0.616551 0.295606 0.0883169
0.615553 0.297827 0.088322
0.614354 0.300464 0.0884884
0.614354 0.300464 0.0884884
0.614464 0.300567 0.0885007
0.617669 0.303578 0.0886862
0.618644 0.304495 0.0887421
0.619306 0.305117 0.0887139
0.624124 0.309642 0.0883981
0.625278 0.310718 0.0881691
0.62656 0.311917 0.0879423
0.630688 0.315766 0.0871122
0.633682 0.318531 0.0862032
0.636627 0.321245 0.0852445
0.639214 0.32361 0.0841805
0.640678 0.324946 0.0835584
0.641963 0.326106 0.0829008
0.645683 0.329469 0.0810453
0.648079 0.33157 0.0794576
0.648079 0.33157 0.0794576
0.646865 0.3329 0.0791755
0.643671 0.336269 0.0782765
0.641164 0.339017 0.0776909
0.639562 0.340691 0.0772293
0.637018 0.343316 0.0764599
0.635244 0.345337 0.0761432
0.632082 0.348891 0.0755171
0.631212 0.349797 0.075261
0.629556 0.351712 0.0749758
0.627237 0.354344 0.0745201
0.625127 0.356708 0.0740722
0.621954 0.360106 0.0732268
0.619493 0.362831 0.0726598
0.619086 0.363289 0.0725727
0.616311 0.366233 0.0718233
0.614363 0.368184 0.0711969
0.61219 0.370449 0.070573
0.610156 0.372544 0.0699685
0.610156 0.372544 0.0699685
0.607604 0.368726 0.0735854
0.607482 0.368542 0.0737492
0.607373 0.368377 0.0738789
0.603629 0.362695 0.0781791
0.601297 0.359127 0.0801288
0.600764 0.358312 0.0805689
0.600322 0.357636 0.0809228
0.598038 0.354129 0.0826062
0.596682 0.352042 0.0833959
0.59487 0.349253 0.0843571
0.593236 0.346736 0.0850608
0.592527 0.345642 0.08533
0.592031 0.344875 0.0854979
0.590026 0.341772 0.0860955
0.58859 0.339533 0.0862364
0.588512 0.339411 0.0862423
0.588512 0.339411 0.0862423
0.586513 0.343771 0.0859724
0.586101 0.344671 0.0858371
0.583945 0.349372 0.0849532
0.582663 0.35217 0.0844444
0.581508 0.35468 0.0839222
0.58029 0.357301 0.0832364
0.579028 0.360025 0.0825658
0.577842 0.362642 0.0821275
0.57722 0.36394 0.0817037
0.575644 0.367462 0.0810737
0.573934 0.371205 0.0802141
0.573393 0.372461 0.0801282
0.571083 0.377824 0.0797658
0.570095 0.38017 0.0797115
0.567876 0.384876 0.0787294
0.566809 0.387229 0.0783696
0.564599 0.392319 0.0778946
0.564515 0.392508 0.0778671
0.563046 0.395459 0.0768928
0.562016 0.397599 0.0762933
0.561706 0.398246 0.0761171
