0.73 0 0.2
0.800710678118655 0.0707106781186548 0.2
0.770406101782088 0.101015254455221 0.2
0.699695423663434 0.0303045763365663 0.2
0.669390847326867 0.0606091526731326 0.2
0.740101525445522 0.131319830791787 0.2
0.709796949108956 0.161624407128354 0.2
0.639086270990301 0.090913729009699 0.2
0.608781694653735 0.121218305346265 0.2
0.679492372772389 0.19192898346492 0.2
0.649187796435823 0.222233559801486 0.2
0.578477118317168 0.151522881682832 0.2
0.548172541980602 0.181827458019398 0.2
0.618883220099257 0.252538136138053 0.2
0.588578643762691 0.282842712474619 0.2
0.517867965644036 0.212132034355964 0.2
